184 29 31 12 51 102 13 14 15 57 378 859 185 30 37 52 142 195 875 56 66 95 462 497 858 876 879 880 486
12 15 184 858 51 102 202 14 52 380 746 859 948 285 390 391 442 497 643 856 857 877 864 658 486
5 6 90 91 119 144 181 399 485
236 166 488
552 401 1297 1296 488
99 115 257 258 491
20 56 57 58 19 492
48 122 20 58 196 354 360 197 999 1112 1005 492
21 22 550 534
259 405 302 436 437 438 998 1011 493
27 28 262 160 20 263 654 495
86 194 650 649 652 624
64 265 65 311 496
64 65 496
463 462 497
266 106 196 498
106 196 498
196 197 198 498
32 67 164 639 715 716 719 1379 717 499
87 88 104 267 268 269 270 407 408 500
271 16 413 414 502
68 502
900 902 200 201 601 899 903 593 199 594 901 544 597 749 917 919 1333 634 687 698 1290 700 704 705 1109 1112 1141 1197 1256 1259 1272 1289 892
46 47 92 756
213 212 214 215 216 276 277 426 427 511
145 611 376 406 565 1076 511
224 278 428 512
224 279 512
250 514 609 225 793 464 465 612 466 513
225 464 514 466 609 612 793 513
776 751
465 249 777 778 247 250 752
252 431 141 516
252 431 672 714 799 800 516
166 167 132 517
169 168 518
173 188 172 97 121 187 242 409 487 519
24 283 552 272 557 558 553 554 555 556 536
272 555 24 283 552 79 207 418 557 554 556 505 1257 536
24 283 552 272 85 976 557 558 553 554 555 556 536
288 289 433 520
468 467 469 470 775 521
467 468 39 503 775 469 521
302 436 437 524
305 570 308 481 338 1226 1355 1185 629 663 798 572 525
305 338 344 481 84 123 1185 623 570 798 1226 629 663 572 1355 525
304 306 307 305 629 663 308 309 310 570 798 1185 1355 572 525
439 311 316 440 187 314 315 797 798 794 265 526
320 478 527
326 629 21 94 22 306 528
94 23 105 381 192 326 63 494 629 261 528
21 22 306 326 528
296 33 446 447 448 449 208 297 298 299 531
84 24 101 294 628 661 364 365 560 123
16 375 460 378 255 271 376 377 562 502 538
380 749 1339 14 705 779 780 379 643 686 753
380 593 746 914 14 379 705 779 780 704 12 15 857 859 753
788 785 786 787 23 381 382 784 789 754
788 785 786 787 754
475 476 527 320 478 322
565 566 564 1159 661 539
566 567 1084 1078 1081 539
567 564 566 539
390 391 627
2 3 128 180 323 324 418 664 629 393 394 659 4 384 1302 388
664 629 180 659 660 388
2 3 664 629 323 324 393 128 180 394 659 389 4 1302 388
662 101 460 661 62 628
458 570 977 62 336 540
333 568 570 62 101 283 565 24 977 307 540
569 571 1355 101 655 1213 798 572 540
21 324 630 94 664 304 128 323 663 570 494 305 309 571 655 388 62 629
332 572 578 573 574 421 25 317 577 401 625 160 1213 1304 1198 655 1355 68 571 1252 541
576 656 575 317 574 578 541
667 324 378 666 670 630
378 667 324 666 670 1391 329 630
668 666 667 670 329 1391 630
588 589 590 543
597 598 688 708 713 544
594 597 596 598 544
672 799 631
676 677 678 679 205 632
680 681 682 683 633
606 406 608 142 294 354 522 962 1192 1213 873 546
608 406 606 710 546
594 790 755
606 611 562 50 236 609 612 406 547
613 614 615 616 617 618 548
793 794 797 795 796 420 757
794 797 798 793 796 291 800 1187 256 311 335 1364 1367 757
252 801 797 799 800 793 794 1154 672 757
802 803 808 809 811 804 805 806 253 1247 807 810 1243 758
691 635
24 283 294 559 689 690 101 1393 354 1104 1161 1395 635
283 662 635
703 704 705 698 699 700 1289 779 701 702 706 792 1339 637
699 700 701 698 1289 702 703 779 1339 681 637
713 708 709 711 712 638
717 719 1001 1379 639
821 822 824 820 823 825 1122 1051 1121 760
817 818 819 820 825 824 760
728 913 910 911 729
826 828 761
833 834 835 836 837 762
848 844 845 846 847 764
847 846 849 844 845 764
725 728 729 911 720 75 909 640
724 726 727 75 909 720 723 640
860 861 606 980 12 766
862 863 31 1174 766
15 391 864 914 392 627 658 894
731 730 641
746 748 749 265 643
919 916 920 921 895
51 185 878 874 184
922 360 605 927 492 896
360 605 896
923 924 925 896
926 897
829 887 890 885 886 888 889 1146 891 769
885 886 1146 887 888 890 891 769
931 932 934 935 936 937 938 957 1131 898
966 967 941
967 968 964 965 941
969 970 971 187 973 173 974 177 972 174 997 176 409 946 992 994 995 942
974 1326 187 969 970 971 972 973 942
101 164 981 982 983 944
985 990 945
985 987 984 988 989 986 990 945
766 858 859 1008 12 948
1014 1020 1013 1016 1017 1012 1018 1019 950
1014 1013 1015 1016 1012 1018 1019 1017 951 1023 1020 952 1024 1025 1026 950
1020 1018 1019 1024 1012 1016 1022 950
1027 1028 951
1018 1017 1023 1024 1025 1026 950 1016 951
1021 1022 1034 951
1029 1034 951 1021 952
846 1036 953
1031 1032 1035 1037 953
1038 1039 1041 1042 1043 1044 954
1038 1041 1043 1044 1039 1042 954
1042 954
1043 1044 954
840 1045 763 838 839 841 955
763 838 839 1045 743 852 841 955
840 1045 955
889 1046 1048 1047 1049 1051 1050 843 926 822 956
889 1048 1050 1046 1049 843 956
1057 1058 1059 1052 930 931 934 936 937 938 1131 957
1074 1075 1062
687 1076 1074 1075 1077 1062
1076 1077 569 572 687 655 1062
1078 1083 1084 1080 1081 1082 1085 1063
1087 1088 1063
1103 1100 983 1101 1104 1099 1065
983 1102 1097 1100 274 1096 1098 1099 1103 982 1104 553 1101 82 1065
273 1105 1106 93 161 302 122 666 1107 556 25 1011 19 35 1355 372 410 456 36 44 215 626 1151 354 369 370 421 557 605 655 657 689 1307 318 423 1304 160 482 572 1006
302 1011 552 998 1009 1010 273 556 1006
234 1108 1110 1114 1115 1111 1112 231 1066
1134 1137 1138 1135 1136 1071
54 1386 562 336 55 996 489
111 155 460 461 54 562 458 459 489
20 56 57 492
311 415 416 798 316 335 1364 1367 503
71 72 504
40 41 74 207 272 418 170 1264 504
274 82 509
217 774 750
118 157 774 775 750
139 238 239 904 906 672 893
252 431 141 516
320 321 322 476 527
367 451 532
58 411 36 423 482 533
351 966 967 964 965 941
582 583 584 585 978 586 982 542
588 589 592 772 590 543
591 590 588 589 543
680 681 682 683 633
622 619 620 621 617 616 1150 548
973 974 409 997 1061 942
685 686 634
803 808 802 807 811 253 804 805 806 809 810 1243 1247 758
32 67 715 717 716 499 1379 639
858 859 857 1008 856 15 285 894 766 948
1309 1378 923 161 421 1377 924 1062 1074 1379 1380 1075 225 1280 1305 1304 1188
838 839 840 743 842 1045 763
721 722 723 75 909 724 726 725 728 729 911 640
395 866 869 865 868 870 867 872 873 767
15 391 285 390 864 894
914 915 285 857 858 15 391 856 390 1008 948 864 658 894
733 734 735 736 641
730 422 648 731 733 734 1392 735 736 641
739 740 742 744 741 743 642
739 742 743 642
51 185 874 878 879 880 12 875 876 202 746 13 184
881 883 884 768
887 888 889 843 769
1052 1053 1054 1055 1056 1060 743 744 957
1134 1137 1138 1071
552 625 1296 93 1151 401 110 1391 423 541 1295 318 1304 160 369 482 1140
1303 1304 1309 1306 1308 605 602 603 604 1110 1305 1310 48 232 1285
58 1305 1306 602 603 604 1307 1310 19 232 323 688 122 1188 1285
572 1311 63 540 602 603 604 1305 1188 307 1213 655 1355 68 1285
1321 1322 1287
1338 1341 1340 1290
1338 1339 1340 1341 879 1290
163 1344 1345 164 1347 1346 1291
1351 1356 1350 187 487 45 55 316 1383 1385 1106 1228 1292
1171 891 1172 1173 1030 1174 1145
891 1172 1173 1174 763 769 1030 1031 1033 1052 1068 1145
888 889 1178 885 887 886 841 1176 1177 890 769 891 1173 843 1146
888 885 887 889 1178 769 1173 1177 886 890 843 1146
833 1361 1362 1363 1294
37 35 535
156 506
666 667 1258 1394 668 670 1204 1391 1395 1300 37 559 630 1107 1213 1191
24 101 666 667 93 1258 1393 559 630 662 1104 1107 1204 1213 1300 1191
1391 666 667 1258 1078 1080 1081 1394 1395 1214 1198 1204 1300 559 630 662 1107 1213 1191
1383 1385 155 241 1382 1370 1386 111 1384 150 292 458 479 977 376 459 1365 62 1366 1182
155 1383 1385 1382 62 292 241 1370 1384 458 459 461 1386 1365 1366 111 150 479 1182
400 419 1387 412 1392 1398 1397 1400 1399 1396
400 1387 1392 1398 1396
656 1313 1317 1316 1318 1319 1157 1274 1286
1379 1305 1304 40 293 1309 161 421 1377 1378 1381 225 1380 448 449 1124 1280 433 923 924 1062 1074 1075 1213 1188
